0.00325489
1.26355
0.00813675
1.26312
9.38105
0.00259686
9.37722
9.37247
9.36639
9.359
9.35027
1.13409
1.50616
1.66922
8.99324
1.81128
9.38353
9.38275
9.38067
1.50305
9.37358
9.36089
9.34695
9.33173
9.31527
9.29752
9.27853
9.25835
9.1657
1.552
1.77731
1.58307
9.08425
9.05495
1.76505
1.69269
1.71634
9.23695
9.21436
9.19062
1.8053
1.79007
1.78809
1.79736
1.80511
1.73868
1.75961
8.94676
2.35703
0.00452042
0.00424576
4.70308
2.66667
0.00360298
0.00425339
0.00425243
0.00784683
0.00433922
0.00723267
0.00419998
0.00421143
0.00422192
0.0042305
0.00901222
0.00426769
0.00430393
0.00423813
0.0042448
0.00424957
0.00408936
0.00437355
0.00881577
0.00444031
0.00366116
0.00370598
0.00374985
0.00396538
0.00400734
0.0080967
0.00412941
0.00416851
0.00841522
0.00871277
0.00379372
0.00383663
0.00387955
0.00438595
0.0044136
0.00444031
0.00446606
0.00449085
0.00451374
0.00453568
0.00455666
0.00457573
0.00390625
0.00651073
0.00488281
0.00976562
0.00488281
0.00976563
0.00488281
0.00976563
0.00488281
0.00488281
0.00976562
0.00488281
0.00976562
0.00488281
0.00976562
0.00488281
0.00976562
0.00976562
0.00976563
0.00976563
0.00976562
0.00488281
0.00488281
0.00976562
0.00976562
0.00488281
0.00976562
0.00976563
0.00488281
0.00976562
0.00488281
0.00488281
0.00488281
0.00488281
0.00976563
0.00488281
0.00976563
0.00976562
0.00976562
0.00976562
0.00488281
0.00488281
0.00976563
0.00976562
0.00976562
0.00976563
0.00488281
0.00976562
0.00651073
2.00002
0.00325584
0.00284767
1.00002
0.00488281
0.00488281
0.00488281
0.00488281
0.00488281
0.00488281
0.00488281
0.00488281
0.00488281
0.00488281
0.00488281
0.00488281
0.00488281
0.00488281
0.00488281
0.00488281
0.00488281
0.00488281
0.00976563
0.00976563
0.00488281
0.00976563
0.00488281
0.00488281
0.00976563
0.00488281
0.00976563
0.00488281
0.00488281
0.00976563
0.00488281
0.00488281
0.00488281
0.00488281
0.00488281
0.00488281
0.00488281
0.00488281
0.00488281
0.00488281
0.00488281
0.00488281
0.00488281
0.00976563
0.00488281
0.00488281
0.00488281
0.00488281
0.00488281
20
0.00585938
0.00292969
0.00651073
0.00325489
0.00813866
0.00406837
0.00488281
0.00488281
0.00488281
0.00488281
0.00651073
0.00325489
0.00651073
0.00488281
0.00488281
0.00976562
5
0.00406933
0.00488281
0.00488281
0.00488281
0.00467968
0.00305176
0.00651073
3.33333
0.00976562
0.00386524
0.0032959
0.00354004
0.00288868
0.00748825
5
2.5
0.00651073
9.33333
0.00358009
13
0.00651073
0.00651073
5.16667
0.00449467
19.4544
0.00651073
15
1.66667
0.00325489
1.66667
0.00325489
0.00325489
0.00455729
0.00651042
0.00488281
0.00488281
0.00488281
0.0048828
0.00488282
0.00488281
0.00488281
0.00488281
0.00488281
0.00976562
0.00976562
0.00488283
0.0048828
0.00976562
0.00488282
0.00488282
0.00488281
0.00488281
0.00488281
0.00488281
0.00488281
0.00976563
0.00488283
0.0048828
0.00488281
0.00488281
0.00488281
0.0097656
0.00488281
0.00488281
0.00488282
0.00488281
0.00488281
0.00488281
0.00488281
0.00976562
0.00488283
0.00488281
0.00488281
0.00488281
0.00976561
0.00488281
0.00488281
0.0048828
0.00488281
0.00488281
0.00844374
0.00370546
0.00421135
0.00419937
0.00723377
0.00366123
0.00425363
0.00425212
0.00849816
0.00860834
0.00426786
0.00901172
0.00424452
0.00423849
0.00423092
0.00904152
0.00424556
0.00420758
0.00440757
0.00437407
0.00433959
0.0080969
0.00388002
0.00416882
0.00412937
0.00408922
0.0040071
0.0039652
0.00392283
0.00444007
0.00459284
0.00457513
0.0044907
0.00446631
0.00444068
0.00441381
0.00438577
0.00435655
0.00383683
0.00379331
0.0037495
0.00911206
0.0045356
0.0045138
0.00967598
1.26312
1.13412
9.35027
1.04782
0.00364923
9.37247
9.37722
9.38066
1.66922
1.50616
1.50305
9.37358
9.36089
9.38275
9.38353
9.38295
1.73868
9.29752
9.27853
9.31525
9.33173
9.34695
8.99324
1.81128
1.80508
1.79007
1.71634
1.69269
1.76501
9.05495
1.61301
1.58307
1.552
1.51984
1.48657
1.79736
1.78809
1.77731
1.45227
1.41693
1.38065
1.8053
1.77917
1.75958
0.00651044
0.00488277
0.00976555
0.00488285
0.00488281
0.00260419
0.00301107
0.00488276
0.00488296
0.00976538
0.00488281
0.00976569
0.00488285
0.00488281
0.0048829
0.00488281
0.00488283
0.00976562
0.00488281
0.00488281
0.00488281
0.00488279
0.00488278
0.00488274
0.00488281
0.00488279
0.00488276
0.00488281
0.00488276
0.00488281
0.00358073
0.00488281
13
0.00488281
0.00488281
0.00488294
0.00976544
0.00488293
0.00976562
0.00488281
0.00488283
0.00488283
0.00488287
0.0097653
0.00488281
0.00488281
0.00488281
0.00976562
0.00488281
0.00488279
0.00488281
0.0032959
0.002889
0.00748698
5
2.5
0.00651042
9.33333
0.00354004
1.00002
2.00002
0.00467936
0.00305176
0.00651042
3.33333
0.00976563
0.00386556
0.00488281
0.00488281
0.00976563
5
0.00406901
0.00488281
0.0032552
0.00651042
0.00488281
0.00488281
0.00651044
0.0032552
0.00406901
0.00813802
0.00488281
0.00488281
0.00488281
0.00488281
0.00651044
6
0.00292969
0.00488281
0.00976562
0.00488281
0.00488281
0.0032552
0.00360297
2.66667
1.80315
0.00651044
0.0032552
1.66667
0.0032552
1.66667
0.0032552
0.00651044
19.4544
0.00449437
0.0032552
0.00651044
0.00813802
0.00651042
1.26355
5.96046e-08
0.964765
0.964547
0.963936
76.2857
0.101283
54.4389
4.90444e-07
0.00749313
3.79893e-07
6.25318e-07
36.6526
24.7937
24.7911
6.90913e-07
7.83034e-06
23.206
23.244
7.32149e-07
7.8706e-06
0.967591
0.484292
0.708903
23.8121
24.1701
0.423531
0.416211
24.5684
0.677861
0.612794
0.627006
0.481733
23.7559
26.0304
1.19518e-06
26.6307
0.622804
8.46748e-06
28.0322
28.0228
1.27188e-06
0.855725
2.53535e-06
1.26767e-06
1.26428e-06
30.6956
0.81587
31.7859
33.0194
33.006
1.24648e-06
0.267523
35.9066
35.8912
1.20076e-06
0.415316
0.398174
0.6536
0.367013
0.627144
0.333929
3.23689e-06
1.02856e-06
0.569216
50.6965
0.586619
0.569582
54.7517
0.179354
35.121
0.134377
7.84125e-07
7.12834e-07
36.8165
6.36384e-07
1.27277e-06
5.56277e-07
0.357977
4.7628e-07
76.3869
3.92245e-07
0.200229
3.07771e-07
6.16012e-07
0.00533345
2.21102e-07
2.65557e-07
1.32779e-07
0.00571743
8.89986e-08
0.00915304
0.00915304
0.00732422
0.00732422
0.00569661
0.00732422
0.00732422
0.00732422
0.00895183
0.00732422
32.6667
0.00732422
15.6667
0.00642904
0.00377245
0.00377249
75.0968
75.0962
0.00754569
0.00754622
0.00377328
0.00377365
0.00377389
53.339
43.802
43.8619
37.3117
37.3622
32.5579
0.0037775
0.00377796
28.9847
0.00755877
0.00756077
23.7854
23.8157
0.0037827
21.9169
20.3142
20.3393
0.00378662
0.00757601
0.00757755
0.00758053
0.0037911
0.00379269
15.9683
15.9864
0.00759235
15.2292
0.0075978
0.00380073
13.9433
13.9578
0.00760951
0.00761357
0.00761574
0.00380995
0.00762219
0.00762649
0.00762886
0.00763335
0.00381788
11.7801
0.00382143
11.4648
0.00765017
0.00765504
12.0133
11.9978
0.00766534
0.00767045
13.18
13.1619
13.8832
13.8637
14.6884
14.6673
0.00769762
0.00770313
16.7134
16.6884
17.9984
17.9709
0.00772323
0.00772899
21.4095
21.3757
0.00387039
0.00774666
0.0077497
0.00387781
30.5542
0.0038823
0.00388383
0.00388683
0.00777672
0.00778276
0.0038929
59.4173
0.00389745
89.3219
0.003901
127.844
0.0231543
0.0463087
0.00544911
0.00390625
0.0078125
0.0078125
150.022
0.00545075
0.00548049
0.00547672
0.00276625
59.2114
0.00560565
1.50082e-07
3.8451e-07
1.93197e-07
2.33206e-07
4.66412e-07
0.00296109
2.73056e-07
2.78897
2.80654
3.49909e-07
6.95929e-07
13.5318
2.76639
0.00648574
0.00648655
0.00332027
0.00332088
0.00679786
0.00680026
9.97964
0.00696075
5.24989e-07
0.00711835
5.52435e-07
1.10487e-06
10.466
10.4588
10.6808
10.673
10.917
10.9087
0.00787532
0.00789205
0.00400867
0.0080399
6.42272e-07
0.00817948
6.21707e-07
0.00832003
0.00421266
0.00422738
0.008551
6.2282e-07
0.00855941
0.00424909
6.27134e-07
13.9422
0.00853767
14.539
0.00856408
5.82677e-07
0.00861399
4.18422e-06
2.53353
2.53969
5.01879e-07
2.53461
5.35949e-07
2.53008
0.00450925
2.52582
0.00448832
0.00897253
2.51416
3.39814e-07
3.73896e-07
3.92591e-06
0.00763999
0.00381819
32.5957
0.14663
3.79155e-06
2.70825e-07
43.8587
0.298624
0.339695
3.57628e-07
0.0062971
0.00666978
0.0247976
2.38419e-07
0.095673
1.19209e-07
2.49979
5.96046e-08
0.00976563
15.6667
0.00488281
0.00504684
0.00488281
9.16667
0.00488281
0.00488281
0.00488281
0.00976562
0.00488281
0.00488281
0.00488281
0.00488281
0.0055931
0.00560072
0.020206
7.62939e-06
0.00514602
75.2703
0.140605
0.223152
5.01853
7.62939e-06
5.0276
0.00828658
0.00920627
74.1417
0.395366
37.9092
78.2331
7.62939e-06
66.8745
7.62939e-06
60.8345
0.00743116
55.867
55.8945
0.00826268
0.592818
0.00437416
0.574409
0.589977
45.1978
42.585
42.6045
0.644484
0.0102659
38.3031
38.3198
36.5539
36.5695
0.758071
0.769145
33.5976
0.788886
7.62939e-06
0.765545
31.2073
31.2191
30.1987
30.2097
29.2868
29.2971
28.447
0.112459
0.00795014
7.62939e-06
0.00930241
24.1408
23.8935
23.9005
23.6711
23.6777
0.00691414
0.00659616
24.8669
1.60482e-05
0.00368835
0.00711228
0.00781184
1.67645e-05
23.7262
0.00723444
23.4228
1.52588e-05
0.00730787
22.5369
22.4261
1.52588e-05
22.7044
0.98469
0.00743122
0.311257
0.989912
0.992067
27.1337
27.0603
0.995606
0.00751566
0.00511496
0.00511496
0.963974
0.964554
0.00517354
0.00517354
0.0078125
0.0078125
0.00258636
0.00258636
0.00390625
0.00390625
0.00488281
0.00488281
0.00610352
0.00610352
0.00732422
0.00732422
0.00610352
0.00610352
0.00488281
0.00488281
0.00366211
0.00366211
0.00732422
0.00732422
0.00366211
0.00366211
0.00488281
0.00488281
0.00976562
0.00976562
0.00732422
0.00732422
0.00976562
0.00976562
0.00488281
0.00488281
0.00732422
0.00732422
0.00732422
0.00732422
0.00732422
0.00732422
0.00488281
0.00488281
0.00292969
0.00292969
0.00732422
0.00732422
0.00292969
0.00292969
3.66669
0.00423431
0.00537109
0.00537109
0.00423169
0.00358081